- threshold_method: f1_optimal
  threshold: 6.900668372328927
  test_threshold: 6.900668372328927
  roc_auc: 1.0
  pr_auc: 1.0
  f1: 0.9982547993019197
  precision: 1.0
  recall: 0.9965156794425087
- threshold_method: youden
  threshold: 6.900668372328927
  test_threshold: 6.900668372328927
  roc_auc: 1.0
  pr_auc: 1.0
  f1: 0.9982547993019197
  precision: 1.0
  recall: 0.9965156794425087
- threshold_method: pr_optimal
  threshold: 6.900668372328927
  test_threshold: 6.900668372328927
  roc_auc: 1.0
  pr_auc: 1.0
  f1: 0.9982547993019197
  precision: 1.0
  recall: 0.9965156794425087